No: 0
9883
9817
9720
9810
9828
Average time: 13.5002

No: 1
38150
38295
38536
37696
37935
Average time: 36.9654

No: 2
98007
97420
97645
97589
97224
Average time: 89.5322

No: 3
175300
176436
175385
175969
177571
Average time: 107.377

No: 4
246930
249105
251559
251067
246886
Average time: 159.76

No: 5
383076
380793
377735
381029
382703
Average time: 167.368

No: 6
530772
524120
530886
532575
521266
Average time: 215.91

No: 7
696202
691914
684651
694618
689553
Average time: 259.273

No: 8
891346
900066
890593
913203
884198
Average time: 274.572

No: 9
1079395
1122138
1120916
1095496
1093405
Average time: 363.273

No: 10
1300420
1320480
1303587
1340587
1324666
Average time: 436.592

No: 11
1584503
1622856
1573210
1580726
1573221
Average time: 439.866

No: 12
1874568
1837084
1898559
1883955
1855362
Average time: 532.491

No: 13
2089766
2139219
2078050
2087123
2133820
Average time: 706.41

No: 14
2364206
2390554
2370595
2358777
2364897
Average time: 817.273

No: 15
2820980
2746297
2800072
2749921
2798314
Average time: 862.947

No: 16
3102166
3109559
3076370
3067481
3155077
Average time: 938.032

No: 17
3438916
3464776
3542831
3435633
3539880
Average time: 1184.9

No: 18
3977510
3960198
4034680
4010446
4002037
Average time: 1198.35

No: 19
4507855
4529304
4400172
4546532
4538617
Average time: 1049.92

No: 20
5376
5413
5416
5296
5406
Average time: 24.8994

No: 21
20098
20192
20241
20167
20149
Average time: 66.0056

No: 22
52261
52585
52481
52472
52085
Average time: 97.7742

No: 23
82634
82185
82465
81463
82525
Average time: 120.678

No: 24
134840
137283
139199
137922
133737
Average time: 160.576

No: 25
187600
189059
187221
188768
188103
Average time: 206.589

No: 26
261409
263095
254902
260622
255638
Average time: 248.134

No: 27
342930
354578
340543
342370
341802
Average time: 306.594

No: 28
444038
446110
439419
432670
433762
Average time: 321.634

No: 29
502991
500549
503180
508593
497439
Average time: 443.798

No: 30
646607
654312
645919
647522
645807
Average time: 480.387

No: 31
763337
774175
766459
764252
767885
Average time: 537.295

No: 32
885035
879212
901394
889383
875889
Average time: 610.506

No: 33
1062118
1060313
1065699
1064440
1073006
Average time: 798.86

No: 34
1205883
1199435
1267579
1217213
1209291
Average time: 735.113

No: 35
1425790
1363801
1390265
1370663
1372005
Average time: 924.562

No: 36
1567883
1531387
1554431
1572651
1556295
Average time: 1093.79

No: 37
1735134
1726755
1711397
1784912
1755371
Average time: 1016.45

No: 38
1937239
2003564
2005581
1945041
1934079
Average time: 1126.57

No: 39
2154185
2190325
2193300
2146108
2161236
Average time: 1439.31

No: 40
3615
3620
3618
3677
3644
Average time: 21.9388

No: 41
12653
12812
12822
12679
12673
Average time: 57.0806

No: 42
30301
30890
30477
30617
30956
Average time: 70.7192

No: 43
56622
56777
56332
56543
55966
Average time: 147.28

No: 44
86109
88777
85814
87499
85890
Average time: 167.34

No: 45
128411
127113
125434
127396
127198
Average time: 239.463

No: 46
169042
173596
168006
167890
170672
Average time: 264.915

No: 47
227061
237463
234604
229350
226723
Average time: 335.507

No: 48
286260
285215
295432
291037
287971
Average time: 380.838

No: 49
348245
345219
348110
344700
349145
Average time: 544.597

No: 50
434146
425528
425971
427541
432498
Average time: 519.63

No: 51
506413
508915
514950
507198
510897
Average time: 607.933

No: 52
594760
596159
596422
612620
593926
Average time: 625.042

No: 53
699230
708871
710227
715209
698932
Average time: 733.659

No: 54
789736
813102
796920
792900
811529
Average time: 779.33

No: 55
908572
900494
909780
906712
917790
Average time: 949.999

No: 56
1001463
1005840
1006096
1002897
1027510
Average time: 1028.93

No: 57
1145809
1138683
1144632
1151429
1141885
Average time: 1291.91

No: 58
1269025
1284132
1302948
1339993
1280213
Average time: 1358.58

No: 59
1430747
1428109
1445546
1427219
1466385
Average time: 1315.79

No: 60
2578
2619
2559
2588
2554
Average time: 17.7518

No: 61
11857
11765
11903
11818
11925
Average time: 49.1126

No: 62
23358
23735
23408
23606
23503
Average time: 98.211

No: 63
41274
41267
41927
41415
41128
Average time: 159.885

No: 64
62783
63197
62608
64197
63272
Average time: 192.14

No: 65
96098
95141
98875
96822
96258
Average time: 210.78

No: 66
128111
127236
128327
127840
129945
Average time: 275.335

No: 67
166201
166277
166543
170180
166903
Average time: 429.247

No: 68
216619
207831
228677
212792
210576
Average time: 368.018

No: 69
271090
272533
273390
270307
270901
Average time: 481.953

No: 70
322374
319921
322800
330945
325235
Average time: 559.641

No: 71
384328
374860
383810
383128
379575
Average time: 632.13

No: 72
450156
453298
456507
452952
454613
Average time: 963.862

No: 73
525817
527610
525434
524324
520258
Average time: 992.631

No: 74
596701
609167
590710
609781
598284
Average time: 838.231

No: 75
681151
673949
683750
681113
670873
Average time: 1022.05

No: 76
770044
762862
793676
767405
774470
Average time: 1060.06

No: 77
873475
864894
889275
881247
871078
Average time: 1283.87

No: 78
972656
980704
972372
993608
1013509
Average time: 1266.64

No: 79
1069521
1138378
1078398
1077440
1070265
Average time: 1291.01

No: 80
2200
2212
2236
2238
2234
Average time: 25.388

No: 81
9372
9269
9330
9335
9262
Average time: 43.8924

No: 82
20241
20340
19892
19980
20121
Average time: 94.9882

No: 83
36467
36173
36064
35798
35949
Average time: 164.794

No: 84
56098
56295
55831
55562
55423
Average time: 215.724

No: 85
78318
78951
78817
77547
79221
Average time: 239.38

No: 86
105611
105521
106475
106095
105618
Average time: 336.93

No: 87
135616
134444
136307
139526
135881
Average time: 363.436

No: 88
175068
175805
173631
178117
179552
Average time: 394.13

No: 89
208774
208540
211919
211379
208971
Average time: 600.58

No: 90
264372
259171
260947
263400
267066
Average time: 574.745

No: 91
320386
311266
312220
314806
325100
Average time: 632.313

No: 92
365685
360635
360057
361544
357836
Average time: 711.182

No: 93
417888
419547
423386
419738
416603
Average time: 957.851

No: 94
467623
465795
463419
464607
471030
Average time: 922.349

No: 95
554939
554942
558329
564137
554164
Average time: 1122.45

No: 96
606107
610525
608837
610647
620585
Average time: 1200.6

No: 97
698983
692481
689679
685237
695450
Average time: 1355.84

No: 98
780352
781765
775077
771812
773200
Average time: 1375.75

No: 99
836881
845839
838181
855014
866324
Average time: 1426.58

No: 100
1864
1896
1879
1933
1890
Average time: 18.1486

No: 101
7642
7682
7725
7652
7844
Average time: 58.1244

No: 102
17152
17286
17224
17236
17254
Average time: 109.08

No: 103
28417
28441
28614
28309
28356
Average time: 146.515

No: 104
47454
47364
46962
46966
47201
Average time: 218.91

No: 105
65637
65994
65887
67572
65630
Average time: 236.062

No: 106
80334
80075
80271
80140
80215
Average time: 395.556

No: 107
116537
117302
116302
116418
116896
Average time: 494.368

No: 108
144631
143295
143166
142932
142674
Average time: 567.944

No: 109
179954
180223
179083
173505
173659
Average time: 548.075

No: 110
208717
208213
206176
207523
208330
Average time: 751.429

No: 111
256708
259945
252821
255495
251804
Average time: 801.829

No: 112
292144
293821
291431
293970
295329
Average time: 747.373

No: 113
361423
350723
358709
358550
359342
Average time: 876.033

No: 114
404467
402627
403640
399130
402076
Average time: 1146.69

No: 115
446035
448570
463428
454443
441401
Average time: 1105.48

No: 116
489260
489189
491021
503798
491854
Average time: 1546.8

No: 117
580544
586604
607139
585378
582149
Average time: 1455.14

No: 118
641247
645186
635900
640201
635327
Average time: 1647.77

No: 119
727637
709379
718951
724558
707608
Average time: 1516.42

No: 120
1916
1964
1920
1967
1939
Average time: 20.1282

No: 121
5955
5803
5874
5779
5760
Average time: 55.2632

No: 122
14180
14075
14112
14341
14191
Average time: 96.8456

No: 123
25005
25135
24982
25117
25001
Average time: 151.894

No: 124
36006
35770
35897
36364
36556
Average time: 190.251

No: 125
53812
54909
54028
54024
54984
Average time: 294.962

No: 126
72402
72689
74568
72332
72487
Average time: 385.172

No: 127
95898
96419
94737
95053
94248
Average time: 347.396

No: 128
116754
117280
118819
120075
119401
Average time: 540.674

No: 129
152298
156417
154926
153283
154289
Average time: 666.62

No: 130
178181
178258
177168
175189
186342
Average time: 563.272

No: 131
211192
209441
213723
214419
209666
Average time: 893.789

No: 132
261706
256263
261570
256446
255803
Average time: 880.376

No: 133
307256
316452
310773
307704
316192
Average time: 959.065

No: 134
346043
344183
345380
350956
353227
Average time: 1004.41

No: 135
381659
388557
382350
388627
382894
Average time: 1091.22

No: 136
437863
447399
454177
453327
442591
Average time: 1239.89

No: 137
494683
502063
495262
497047
487337
Average time: 1356.53

No: 138
549809
561708
560161
575036
554715
Average time: 1681.56

No: 139
627599
617183
619053
620155
616293
Average time: 1489.01

No: 140
1671
1653
1642
1668
1683
Average time: 35.8342

No: 141
5938
5947
6033
6028
6058
Average time: 60.7578

No: 142
12892
12814
12745
13042
12980
Average time: 80.1992

No: 143
21616
21756
21717
22069
21680
Average time: 179.689

No: 144
33793
33940
33680
33579
33675
Average time: 272.289

No: 145
48154
47953
48114
49185
47821
Average time: 295.826

No: 146
66317
66273
66500
66257
66311
Average time: 407.383

No: 147
84705
84885
86699
89549
85159
Average time: 456.767

No: 148
108112
108188
108717
107975
108438
Average time: 598.395

No: 149
140828
139215
140150
137797
137813
Average time: 577.259

No: 150
163316
162849
169856
163652
165605
Average time: 726.645

No: 151
193484
193961
194691
194169
193734
Average time: 875.104

No: 152
231560
230168
232304
232562
226958
Average time: 759.885

No: 153
264330
260077
265889
263826
269099
Average time: 1027.21

No: 154
288150
294892
287133
287301
288197
Average time: 1323.41

No: 155
337260
362159
339265
336740
348836
Average time: 1119.28

No: 156
397976
392037
397064
389183
390096
Average time: 1236.33

No: 157
446609
445774
450299
443818
454703
Average time: 1540.68

No: 158
490621
476874
484930
493653
482190
Average time: 1275.26

No: 159
537366
545708
547891
540396
548269
Average time: 1714.67

No: 160
1444
1544
1493
1463
1432
Average time: 34.1934

No: 161
4957
4902
4944
5094
4971
Average time: 55.3314

No: 162
11154
11081
11182
11112
11113
Average time: 126.326

No: 163
19812
19909
20019
19795
19804
Average time: 154.82

No: 164
30530
30178
30513
30200
30270
Average time: 216.221

No: 165
45497
46240
45697
45643
46074
Average time: 337.323

No: 166
60499
60555
60372
60229
61609
Average time: 442.903

No: 167
73435
73625
73072
72883
73487
Average time: 334.948

No: 168
95821
97494
96215
97388
96912
Average time: 445.277

No: 169
122773
121739
122493
122593
121360
Average time: 725.975

No: 170
144228
146962
145241
144367
143446
Average time: 729.248

No: 171
164053
166988
163765
163827
168553
Average time: 799.803

No: 172
201882
206490
201374
203242
197986
Average time: 926.13

No: 173
230850
231180
234483
233281
227749
Average time: 1033.74

No: 174
272370
271380
273768
271238
270077
Average time: 1290.9

No: 175
298659
301956
310093
296033
296600
Average time: 1164.84

No: 176
344652
348430
350276
350702
351042
Average time: 1227.25

No: 177
384170
377031
379337
386182
379829
Average time: 1419.21

No: 178
411561
410366
412392
419650
428598
Average time: 1879.71

No: 179
469645
478242
464631
462788
462387
Average time: 2100.39

No: 180
1462
1492
1456
1494
1470
Average time: 25.03

No: 181
4761
4731
4773
4801
4790
Average time: 70.4724

No: 182
10091
10061
9979
10041
10239
Average time: 135.178

No: 183
18392
18240
18408
18368
18305
Average time: 193.133

No: 184
28538
28078
28597
27813
28146
Average time: 225.574

No: 185
39791
39266
39392
38940
39085
Average time: 391.631

No: 186
52266
52299
52418
52102
52206
Average time: 444

No: 187
72016
72288
72558
72480
73127
Average time: 659.557

No: 188
85595
83745
84791
84784
83522
Average time: 629.183

No: 189
112344
111739
112401
111574
111979
Average time: 835.884

No: 190
132648
132362
130139
130920
130052
Average time: 848.552

No: 191
154295
154806
153525
157965
153739
Average time: 928.78

No: 192
175763
180117
174663
179671
175287
Average time: 960.288

No: 193
213925
212513
212922
213906
217134
Average time: 1248.66

No: 194
235605
231987
232214
233277
235915
Average time: 1446.14

No: 195
271624
273199
272830
269610
268392
Average time: 1373.49

No: 196
316496
309937
302086
303937
302743
Average time: 1760.89

No: 197
348575
351327
351789
347492
349856
Average time: 1918.78

No: 198
382339
386527
382790
381861
381943
Average time: 2247.24

No: 199
427941
429057
425294
424157
428097
Average time: 2004.09